1 1 1
1 2 1
1 3 1
1 4 1
1 5 1
2 6 5
3 7 1
3 8 1
3 9 1
3 10 1
3 11 1
4 7 1
4 8 1
4 9 1
4 10 1
4 11 1
5 1 1
5 2 1
5 3 1
5 4 1
5 5 1
6 7 1
6 8 1
6 9 1
6 10 1
6 11 1
7 7 1
7 8 1
7 9 1
7 10 1
7 11 1
8 6 5
9 1 1
9 2 1
9 3 1
9 4 1
9 5 1
10 7 1
10 8 1
10 9 1
10 10 1
10 11 1
11 1 1
11 2 1
11 3 1
11 4 1
11 5 1
12 1 1
12 2 1
12 3 1
12 4 1
12 5 1
13 6 5
14 1 1
14 2 1
14 3 1
14 4 1
14 5 1
15 6 5
16 7 1
16 8 1
16 9 1
16 10 1
16 11 1
17 1 1
17 2 1
17 3 1
17 4 1
17 5 1
18 1 1
18 2 1
18 3 1
18 4 1
18 5 1
19 7 1
19 8 1
19 9 1
19 10 1
19 11 1
20 1 1
20 2 1
20 3 1
20 4 1
20 5 1
21 1 1
21 2 1
21 3 1
21 4 1
21 5 1
22 6 5
23 7 1
23 8 1
23 9 1
23 10 1
23 11 1
24 1 1
24 2 1
24 3 1
24 4 1
24 5 1
25 7 1
25 8 1
25 9 1
25 10 1
25 11 1
26 1 1
26 2 1
26 3 1
26 4 1
26 5 1
27 7 1
27 8 1
27 9 1
27 10 1
27 11 1
28 6 5
29 6 5
30 6 5
31 7 1
31 8 1
31 9 1
31 10 1
31 11 1
32 7 1
32 8 1
32 9 1
32 10 1
32 11 1
33 1 1
33 2 1
33 3 1
33 4 1
33 5 1
34 1 1
34 2 1
34 3 1
34 4 1
34 5 1
35 7 1
35 8 1
35 9 1
35 10 1
35 11 1
36 6 5
37 1 1
37 2 1
37 3 1
37 4 1
37 5 1
38 7 1
38 8 1
38 9 1
38 10 1
38 11 1
39 1 1
39 2 1
39 3 1
39 4 1
39 5 1
40 6 5
41 1 1
41 2 1
41 3 1
41 4 1
41 5 1
42 7 1
42 8 1
42 9 1
42 10 1
42 11 1
43 6 5
44 7 1
44 8 1
44 9 1
44 10 1
44 11 1
45 1 1
45 2 1
45 3 1
45 4 1
45 5 1
46 6 5
47 1 1
47 2 1
47 3 1
47 4 1
47 5 1
48 6 5
49 7 1
49 8 1
49 9 1
49 10 1
49 11 1
50 6 5
51 6 5
52 6 5
53 7 1
53 8 1
53 9 1
53 10 1
53 11 1
54 1 1
54 2 1
54 3 1
54 4 1
54 5 1
55 7 1
55 8 1
55 9 1
55 10 1
55 11 1
56 7 1
56 8 1
56 9 1
56 10 1
56 11 1
57 6 5
58 6 5
59 6 5
60 6 5
