1 1 1
1 2 1
1 3 1
1 4 1
1 5 1
2 6 1
2 7 1
2 8 1
2 9 1
2 10 1
3 6 1
3 7 1
3 8 1
3 9 1
3 10 1
4 6 1
4 7 1
4 8 1
4 9 1
4 10 1
5 11 5
6 11 5
7 11 5
8 11 5
9 1 1
9 2 1
9 3 1
9 4 1
9 5 1
10 1 1
10 2 1
10 3 1
10 4 1
10 5 1
11 11 5
12 1 1
12 2 1
12 3 1
12 4 1
12 5 1
13 11 5
14 6 1
14 7 1
14 8 1
14 9 1
14 10 1
15 11 5
16 6 1
16 7 1
16 8 1
16 9 1
16 10 1
17 11 5
18 1 1
18 2 1
18 3 1
18 4 1
18 5 1
19 6 1
19 7 1
19 8 1
19 9 1
19 10 1
20 11 5
21 1 1
21 2 1
21 3 1
21 4 1
21 5 1
22 6 1
22 7 1
22 8 1
22 9 1
22 10 1
23 6 1
23 7 1
23 8 1
23 9 1
23 10 1
24 6 1
24 7 1
24 8 1
24 9 1
24 10 1
25 11 5
26 1 1
26 2 1
26 3 1
26 4 1
26 5 1
27 11 5
28 6 1
28 7 1
28 8 1
28 9 1
28 10 1
29 6 1
29 7 1
29 8 1
29 9 1
29 10 1
30 1 1
30 2 1
30 3 1
30 4 1
30 5 1
31 11 5
32 6 1
32 7 1
32 8 1
32 9 1
32 10 1
33 1 1
33 2 1
33 3 1
33 4 1
33 5 1
34 1 1
34 2 1
34 3 1
34 4 1
34 5 1
35 6 1
35 7 1
35 8 1
35 9 1
35 10 1
36 11 5
37 1 1
37 2 1
37 3 1
37 4 1
37 5 1
38 6 1
38 7 1
38 8 1
38 9 1
38 10 1
39 1 1
39 2 1
39 3 1
39 4 1
39 5 1
40 11 5
41 1 1
41 2 1
41 3 1
41 4 1
41 5 1
42 11 5
43 6 1
43 7 1
43 8 1
43 9 1
43 10 1
44 1 1
44 2 1
44 3 1
44 4 1
44 5 1
45 1 1
45 2 1
45 3 1
45 4 1
45 5 1
46 6 1
46 7 1
46 8 1
46 9 1
46 10 1
47 11 5
48 11 5
49 6 1
49 7 1
49 8 1
49 9 1
49 10 1
50 1 1
50 2 1
50 3 1
50 4 1
50 5 1
51 1 1
51 2 1
51 3 1
51 4 1
51 5 1
52 1 1
52 2 1
52 3 1
52 4 1
52 5 1
53 1 1
53 2 1
53 3 1
53 4 1
53 5 1
54 11 5
55 6 1
55 7 1
55 8 1
55 9 1
55 10 1
56 11 5
57 6 1
57 7 1
57 8 1
57 9 1
57 10 1
58 6 1
58 7 1
58 8 1
58 9 1
58 10 1
59 11 5
60 1 1
60 2 1
60 3 1
60 4 1
60 5 1
