1 1 1
1 2 1
1 3 1
1 4 1
1 5 1
2 6 1
2 7 1
2 8 1
2 9 1
2 10 1
3 6 1
3 7 1
3 8 1
3 9 1
3 10 1
4 11 5
5 11 5
6 1 1
6 2 1
6 3 1
6 4 1
6 5 1
7 1 1
7 2 1
7 3 1
7 4 1
7 5 1
8 11 5
9 1 1
9 2 1
9 3 1
9 4 1
9 5 1
10 11 5
11 1 1
11 2 1
11 3 1
11 4 1
11 5 1
12 6 1
12 7 1
12 8 1
12 9 1
12 10 1
13 1 1
13 2 1
13 3 1
13 4 1
13 5 1
14 11 5
15 11 5
16 6 1
16 7 1
16 8 1
16 9 1
16 10 1
17 6 1
17 7 1
17 8 1
17 9 1
17 10 1
18 11 5
19 6 1
19 7 1
19 8 1
19 9 1
19 10 1
20 11 5
21 6 1
21 7 1
21 8 1
21 9 1
21 10 1
22 1 1
22 2 1
22 3 1
22 4 1
22 5 1
23 6 1
23 7 1
23 8 1
23 9 1
23 10 1
24 11 5
25 1 1
25 2 1
25 3 1
25 4 1
25 5 1
26 6 1
26 7 1
26 8 1
26 9 1
26 10 1
27 11 5
28 1 1
28 2 1
28 3 1
28 4 1
28 5 1
29 1 1
29 2 1
29 3 1
29 4 1
29 5 1
30 6 1
30 7 1
30 8 1
30 9 1
30 10 1
31 6 1
31 7 1
31 8 1
31 9 1
31 10 1
32 11 5
33 6 1
33 7 1
33 8 1
33 9 1
33 10 1
34 1 1
34 2 1
34 3 1
34 4 1
34 5 1
35 11 5
36 6 1
36 7 1
36 8 1
36 9 1
36 10 1
37 11 5
38 6 1
38 7 1
38 8 1
38 9 1
38 10 1
39 11 5
40 1 1
40 2 1
40 3 1
40 4 1
40 5 1
41 1 1
41 2 1
41 3 1
41 4 1
41 5 1
42 1 1
42 2 1
42 3 1
42 4 1
42 5 1
43 11 5
44 11 5
45 6 1
45 7 1
45 8 1
45 9 1
45 10 1
46 1 1
46 2 1
46 3 1
46 4 1
46 5 1
47 6 1
47 7 1
47 8 1
47 9 1
47 10 1
48 6 1
48 7 1
48 8 1
48 9 1
48 10 1
49 11 5
50 11 5
51 1 1
51 2 1
51 3 1
51 4 1
51 5 1
52 1 1
52 2 1
52 3 1
52 4 1
52 5 1
53 6 1
53 7 1
53 8 1
53 9 1
53 10 1
54 6 1
54 7 1
54 8 1
54 9 1
54 10 1
55 6 1
55 7 1
55 8 1
55 9 1
55 10 1
56 1 1
56 2 1
56 3 1
56 4 1
56 5 1
57 11 5
58 1 1
58 2 1
58 3 1
58 4 1
58 5 1
59 11 5
60 1 1
60 2 1
60 3 1
60 4 1
60 5 1
