1 1 5
2 2 1
2 3 1
2 4 1
2 5 1
2 6 1
3 7 1
3 8 1
3 9 1
3 10 1
3 11 1
4 2 1
4 3 1
4 4 1
4 5 1
4 6 1
5 2 1
5 3 1
5 4 1
5 5 1
5 6 1
6 2 1
6 3 1
6 4 1
6 5 1
6 6 1
7 2 1
7 3 1
7 4 1
7 5 1
7 6 1
8 7 1
8 8 1
8 9 1
8 10 1
8 11 1
9 7 1
9 8 1
9 9 1
9 10 1
9 11 1
10 1 5
11 1 5
12 2 1
12 3 1
12 4 1
12 5 1
12 6 1
13 1 5
14 1 5
15 2 1
15 3 1
15 4 1
15 5 1
15 6 1
16 2 1
16 3 1
16 4 1
16 5 1
16 6 1
17 2 1
17 3 1
17 4 1
17 5 1
17 6 1
18 1 5
19 7 1
19 8 1
19 9 1
19 10 1
19 11 1
20 1 5
21 7 1
21 8 1
21 9 1
21 10 1
21 11 1
22 2 1
22 3 1
22 4 1
22 5 1
22 6 1
23 7 1
23 8 1
23 9 1
23 10 1
23 11 1
24 1 5
25 7 1
25 8 1
25 9 1
25 10 1
25 11 1
26 7 1
26 8 1
26 9 1
26 10 1
26 11 1
27 2 1
27 3 1
27 4 1
27 5 1
27 6 1
28 7 1
28 8 1
28 9 1
28 10 1
28 11 1
29 1 5
30 1 5
31 7 1
31 8 1
31 9 1
31 10 1
31 11 1
32 2 1
32 3 1
32 4 1
32 5 1
32 6 1
33 2 1
33 3 1
33 4 1
33 5 1
33 6 1
34 7 1
34 8 1
34 9 1
34 10 1
34 11 1
35 2 1
35 3 1
35 4 1
35 5 1
35 6 1
36 2 1
36 3 1
36 4 1
36 5 1
36 6 1
37 7 1
37 8 1
37 9 1
37 10 1
37 11 1
38 1 5
39 1 5
40 2 1
40 3 1
40 4 1
40 5 1
40 6 1
41 7 1
41 8 1
41 9 1
41 10 1
41 11 1
42 2 1
42 3 1
42 4 1
42 5 1
42 6 1
43 7 1
43 8 1
43 9 1
43 10 1
43 11 1
44 1 5
45 2 1
45 3 1
45 4 1
45 5 1
45 6 1
46 1 5
47 1 5
48 1 5
49 1 5
50 7 1
50 8 1
50 9 1
50 10 1
50 11 1
51 2 1
51 3 1
51 4 1
51 5 1
51 6 1
52 7 1
52 8 1
52 9 1
52 10 1
52 11 1
53 1 5
54 7 1
54 8 1
54 9 1
54 10 1
54 11 1
55 2 1
55 3 1
55 4 1
55 5 1
55 6 1
56 7 1
56 8 1
56 9 1
56 10 1
56 11 1
57 7 1
57 8 1
57 9 1
57 10 1
57 11 1
58 1 5
59 1 5
60 7 1
60 8 1
60 9 1
60 10 1
60 11 1
