1 1 1
1 2 1
1 3 1
1 4 1
1 5 1
2 1 1
2 2 1
2 3 1
2 4 1
2 5 1
3 6 5
4 6 5
5 7 1
5 8 1
5 9 1
5 10 1
5 11 1
6 7 1
6 8 1
6 9 1
6 10 1
6 11 1
7 1 1
7 2 1
7 3 1
7 4 1
7 5 1
8 1 1
8 2 1
8 3 1
8 4 1
8 5 1
9 6 5
10 7 1
10 8 1
10 9 1
10 10 1
10 11 1
11 7 1
11 8 1
11 9 1
11 10 1
11 11 1
12 7 1
12 8 1
12 9 1
12 10 1
12 11 1
13 6 5
14 6 5
15 6 5
16 7 1
16 8 1
16 9 1
16 10 1
16 11 1
17 6 5
18 1 1
18 2 1
18 3 1
18 4 1
18 5 1
19 1 1
19 2 1
19 3 1
19 4 1
19 5 1
20 7 1
20 8 1
20 9 1
20 10 1
20 11 1
21 1 1
21 2 1
21 3 1
21 4 1
21 5 1
22 1 1
22 2 1
22 3 1
22 4 1
22 5 1
23 6 5
24 7 1
24 8 1
24 9 1
24 10 1
24 11 1
25 1 1
25 2 1
25 3 1
25 4 1
25 5 1
26 6 5
27 6 5
28 1 1
28 2 1
28 3 1
28 4 1
28 5 1
29 7 1
29 8 1
29 9 1
29 10 1
29 11 1
30 7 1
30 8 1
30 9 1
30 10 1
30 11 1
31 6 5
32 6 5
33 7 1
33 8 1
33 9 1
33 10 1
33 11 1
34 1 1
34 2 1
34 3 1
34 4 1
34 5 1
35 6 5
36 1 1
36 2 1
36 3 1
36 4 1
36 5 1
37 7 1
37 8 1
37 9 1
37 10 1
37 11 1
38 1 1
38 2 1
38 3 1
38 4 1
38 5 1
39 6 5
40 7 1
40 8 1
40 9 1
40 10 1
40 11 1
41 6 5
42 7 1
42 8 1
42 9 1
42 10 1
42 11 1
43 1 1
43 2 1
43 3 1
43 4 1
43 5 1
44 7 1
44 8 1
44 9 1
44 10 1
44 11 1
45 7 1
45 8 1
45 9 1
45 10 1
45 11 1
46 1 1
46 2 1
46 3 1
46 4 1
46 5 1
47 6 5
48 1 1
48 2 1
48 3 1
48 4 1
48 5 1
49 7 1
49 8 1
49 9 1
49 10 1
49 11 1
50 6 5
51 1 1
51 2 1
51 3 1
51 4 1
51 5 1
52 6 5
53 7 1
53 8 1
53 9 1
53 10 1
53 11 1
54 1 1
54 2 1
54 3 1
54 4 1
54 5 1
55 1 1
55 2 1
55 3 1
55 4 1
55 5 1
56 6 5
57 6 5
58 7 1
58 8 1
58 9 1
58 10 1
58 11 1
59 1 1
59 2 1
59 3 1
59 4 1
59 5 1
60 7 1
60 8 1
60 9 1
60 10 1
60 11 1
