1 1 1
1 2 1
1 3 1
1 4 1
1 5 1
2 6 1
2 7 1
2 8 1
2 9 1
2 10 1
3 6 1
3 7 1
3 8 1
3 9 1
3 10 1
4 11 5
5 11 5
6 6 1
6 7 1
6 8 1
6 9 1
6 10 1
7 6 1
7 7 1
7 8 1
7 9 1
7 10 1
8 6 1
8 7 1
8 8 1
8 9 1
8 10 1
9 11 5
10 1 1
10 2 1
10 3 1
10 4 1
10 5 1
11 6 1
11 7 1
11 8 1
11 9 1
11 10 1
12 11 5
13 1 1
13 2 1
13 3 1
13 4 1
13 5 1
14 6 1
14 7 1
14 8 1
14 9 1
14 10 1
15 1 1
15 2 1
15 3 1
15 4 1
15 5 1
16 11 5
17 11 5
18 1 1
18 2 1
18 3 1
18 4 1
18 5 1
19 11 5
20 6 1
20 7 1
20 8 1
20 9 1
20 10 1
21 11 5
22 1 1
22 2 1
22 3 1
22 4 1
22 5 1
23 11 5
24 6 1
24 7 1
24 8 1
24 9 1
24 10 1
25 6 1
25 7 1
25 8 1
25 9 1
25 10 1
26 1 1
26 2 1
26 3 1
26 4 1
26 5 1
27 6 1
27 7 1
27 8 1
27 9 1
27 10 1
28 1 1
28 2 1
28 3 1
28 4 1
28 5 1
29 1 1
29 2 1
29 3 1
29 4 1
29 5 1
30 11 5
31 11 5
32 1 1
32 2 1
32 3 1
32 4 1
32 5 1
33 11 5
34 6 1
34 7 1
34 8 1
34 9 1
34 10 1
35 11 5
36 6 1
36 7 1
36 8 1
36 9 1
36 10 1
37 1 1
37 2 1
37 3 1
37 4 1
37 5 1
38 1 1
38 2 1
38 3 1
38 4 1
38 5 1
39 1 1
39 2 1
39 3 1
39 4 1
39 5 1
40 6 1
40 7 1
40 8 1
40 9 1
40 10 1
41 6 1
41 7 1
41 8 1
41 9 1
41 10 1
42 11 5
43 6 1
43 7 1
43 8 1
43 9 1
43 10 1
44 6 1
44 7 1
44 8 1
44 9 1
44 10 1
45 1 1
45 2 1
45 3 1
45 4 1
45 5 1
46 11 5
47 1 1
47 2 1
47 3 1
47 4 1
47 5 1
48 11 5
49 1 1
49 2 1
49 3 1
49 4 1
49 5 1
50 6 1
50 7 1
50 8 1
50 9 1
50 10 1
51 6 1
51 7 1
51 8 1
51 9 1
51 10 1
52 11 5
53 1 1
53 2 1
53 3 1
53 4 1
53 5 1
54 6 1
54 7 1
54 8 1
54 9 1
54 10 1
55 1 1
55 2 1
55 3 1
55 4 1
55 5 1
56 1 1
56 2 1
56 3 1
56 4 1
56 5 1
57 1 1
57 2 1
57 3 1
57 4 1
57 5 1
58 11 5
59 11 5
60 11 5
