1 1 1
1 2 1
1 3 1
1 4 1
1 5 1
2 1 1
2 2 1
2 3 1
2 4 1
2 5 1
3 6 1
3 7 1
3 8 1
3 9 1
3 10 1
4 11 5
5 1 1
5 2 1
5 3 1
5 4 1
5 5 1
6 11 5
7 6 1
7 7 1
7 8 1
7 9 1
7 10 1
8 6 1
8 7 1
8 8 1
8 9 1
8 10 1
9 6 1
9 7 1
9 8 1
9 9 1
9 10 1
10 1 1
10 2 1
10 3 1
10 4 1
10 5 1
11 6 1
11 7 1
11 8 1
11 9 1
11 10 1
12 1 1
12 2 1
12 3 1
12 4 1
12 5 1
13 11 5
14 1 1
14 2 1
14 3 1
14 4 1
14 5 1
15 6 1
15 7 1
15 8 1
15 9 1
15 10 1
16 6 1
16 7 1
16 8 1
16 9 1
16 10 1
17 1 1
17 2 1
17 3 1
17 4 1
17 5 1
18 11 5
19 1 1
19 2 1
19 3 1
19 4 1
19 5 1
20 11 5
21 11 5
22 11 5
23 1 1
23 2 1
23 3 1
23 4 1
23 5 1
24 1 1
24 2 1
24 3 1
24 4 1
24 5 1
25 6 1
25 7 1
25 8 1
25 9 1
25 10 1
26 1 1
26 2 1
26 3 1
26 4 1
26 5 1
27 11 5
28 6 1
28 7 1
28 8 1
28 9 1
28 10 1
29 1 1
29 2 1
29 3 1
29 4 1
29 5 1
30 11 5
31 6 1
31 7 1
31 8 1
31 9 1
31 10 1
32 11 5
33 6 1
33 7 1
33 8 1
33 9 1
33 10 1
34 6 1
34 7 1
34 8 1
34 9 1
34 10 1
35 1 1
35 2 1
35 3 1
35 4 1
35 5 1
36 11 5
37 6 1
37 7 1
37 8 1
37 9 1
37 10 1
38 1 1
38 2 1
38 3 1
38 4 1
38 5 1
39 1 1
39 2 1
39 3 1
39 4 1
39 5 1
40 6 1
40 7 1
40 8 1
40 9 1
40 10 1
41 6 1
41 7 1
41 8 1
41 9 1
41 10 1
42 6 1
42 7 1
42 8 1
42 9 1
42 10 1
43 6 1
43 7 1
43 8 1
43 9 1
43 10 1
44 11 5
45 6 1
45 7 1
45 8 1
45 9 1
45 10 1
46 11 5
47 11 5
48 1 1
48 2 1
48 3 1
48 4 1
48 5 1
49 11 5
50 11 5
51 6 1
51 7 1
51 8 1
51 9 1
51 10 1
52 11 5
53 1 1
53 2 1
53 3 1
53 4 1
53 5 1
54 1 1
54 2 1
54 3 1
54 4 1
54 5 1
55 6 1
55 7 1
55 8 1
55 9 1
55 10 1
56 1 1
56 2 1
56 3 1
56 4 1
56 5 1
57 1 1
57 2 1
57 3 1
57 4 1
57 5 1
58 11 5
59 11 5
60 11 5
