1 1 1
1 2 1
1 3 1
1 4 1
1 5 1
2 1 1
2 2 1
2 3 1
2 4 1
2 5 1
3 6 5
4 6 5
5 7 1
5 8 1
5 9 1
5 10 1
5 11 1
6 1 1
6 2 1
6 3 1
6 4 1
6 5 1
7 7 1
7 8 1
7 9 1
7 10 1
7 11 1
8 1 1
8 2 1
8 3 1
8 4 1
8 5 1
9 1 1
9 2 1
9 3 1
9 4 1
9 5 1
10 7 1
10 8 1
10 9 1
10 10 1
10 11 1
11 6 5
12 7 1
12 8 1
12 9 1
12 10 1
12 11 1
13 1 1
13 2 1
13 3 1
13 4 1
13 5 1
14 6 5
15 1 1
15 2 1
15 3 1
15 4 1
15 5 1
16 6 5
17 6 5
18 6 5
19 7 1
19 8 1
19 9 1
19 10 1
19 11 1
20 6 5
21 6 5
22 7 1
22 8 1
22 9 1
22 10 1
22 11 1
23 7 1
23 8 1
23 9 1
23 10 1
23 11 1
24 1 1
24 2 1
24 3 1
24 4 1
24 5 1
25 6 5
26 7 1
26 8 1
26 9 1
26 10 1
26 11 1
27 1 1
27 2 1
27 3 1
27 4 1
27 5 1
28 6 5
29 6 5
30 7 1
30 8 1
30 9 1
30 10 1
30 11 1
31 1 1
31 2 1
31 3 1
31 4 1
31 5 1
32 6 5
33 6 5
34 6 5
35 7 1
35 8 1
35 9 1
35 10 1
35 11 1
36 1 1
36 2 1
36 3 1
36 4 1
36 5 1
37 6 5
38 1 1
38 2 1
38 3 1
38 4 1
38 5 1
39 6 5
40 7 1
40 8 1
40 9 1
40 10 1
40 11 1
41 7 1
41 8 1
41 9 1
41 10 1
41 11 1
42 1 1
42 2 1
42 3 1
42 4 1
42 5 1
43 7 1
43 8 1
43 9 1
43 10 1
43 11 1
44 1 1
44 2 1
44 3 1
44 4 1
44 5 1
45 7 1
45 8 1
45 9 1
45 10 1
45 11 1
46 7 1
46 8 1
46 9 1
46 10 1
46 11 1
47 1 1
47 2 1
47 3 1
47 4 1
47 5 1
48 7 1
48 8 1
48 9 1
48 10 1
48 11 1
49 7 1
49 8 1
49 9 1
49 10 1
49 11 1
50 6 5
51 7 1
51 8 1
51 9 1
51 10 1
51 11 1
52 6 5
53 1 1
53 2 1
53 3 1
53 4 1
53 5 1
54 7 1
54 8 1
54 9 1
54 10 1
54 11 1
55 1 1
55 2 1
55 3 1
55 4 1
55 5 1
56 1 1
56 2 1
56 3 1
56 4 1
56 5 1
57 1 1
57 2 1
57 3 1
57 4 1
57 5 1
58 1 1
58 2 1
58 3 1
58 4 1
58 5 1
59 6 5
60 7 1
60 8 1
60 9 1
60 10 1
60 11 1
