1 1 5
2 2 1
2 3 1
2 4 1
2 5 1
2 6 1
3 2 1
3 3 1
3 4 1
3 5 1
3 6 1
4 1 5
5 1 5
6 2 1
6 3 1
6 4 1
6 5 1
6 6 1
7 7 1
7 8 1
7 9 1
7 10 1
7 11 1
8 7 1
8 8 1
8 9 1
8 10 1
8 11 1
9 2 1
9 3 1
9 4 1
9 5 1
9 6 1
10 2 1
10 3 1
10 4 1
10 5 1
10 6 1
11 1 5
12 2 1
12 3 1
12 4 1
12 5 1
12 6 1
13 1 5
14 2 1
14 3 1
14 4 1
14 5 1
14 6 1
15 2 1
15 3 1
15 4 1
15 5 1
15 6 1
16 2 1
16 3 1
16 4 1
16 5 1
16 6 1
17 2 1
17 3 1
17 4 1
17 5 1
17 6 1
18 7 1
18 8 1
18 9 1
18 10 1
18 11 1
19 7 1
19 8 1
19 9 1
19 10 1
19 11 1
20 2 1
20 3 1
20 4 1
20 5 1
20 6 1
21 7 1
21 8 1
21 9 1
21 10 1
21 11 1
22 2 1
22 3 1
22 4 1
22 5 1
22 6 1
23 2 1
23 3 1
23 4 1
23 5 1
23 6 1
24 7 1
24 8 1
24 9 1
24 10 1
24 11 1
25 2 1
25 3 1
25 4 1
25 5 1
25 6 1
26 1 5
27 7 1
27 8 1
27 9 1
27 10 1
27 11 1
28 1 5
29 7 1
29 8 1
29 9 1
29 10 1
29 11 1
30 7 1
30 8 1
30 9 1
30 10 1
30 11 1
31 2 1
31 3 1
31 4 1
31 5 1
31 6 1
32 7 1
32 8 1
32 9 1
32 10 1
32 11 1
33 1 5
34 1 5
35 1 5
36 7 1
36 8 1
36 9 1
36 10 1
36 11 1
37 7 1
37 8 1
37 9 1
37 10 1
37 11 1
38 1 5
39 7 1
39 8 1
39 9 1
39 10 1
39 11 1
40 1 5
41 1 5
42 7 1
42 8 1
42 9 1
42 10 1
42 11 1
43 1 5
44 7 1
44 8 1
44 9 1
44 10 1
44 11 1
45 1 5
46 1 5
47 2 1
47 3 1
47 4 1
47 5 1
47 6 1
48 1 5
49 7 1
49 8 1
49 9 1
49 10 1
49 11 1
50 2 1
50 3 1
50 4 1
50 5 1
50 6 1
51 1 5
52 7 1
52 8 1
52 9 1
52 10 1
52 11 1
53 2 1
53 3 1
53 4 1
53 5 1
53 6 1
54 7 1
54 8 1
54 9 1
54 10 1
54 11 1
55 1 5
56 7 1
56 8 1
56 9 1
56 10 1
56 11 1
57 2 1
57 3 1
57 4 1
57 5 1
57 6 1
58 1 5
59 7 1
59 8 1
59 9 1
59 10 1
59 11 1
60 2 1
60 3 1
60 4 1
60 5 1
60 6 1
