1 1 1
1 2 1
1 3 1
1 4 1
1 5 1
2 1 1
2 2 1
2 3 1
2 4 1
2 5 1
3 6 5
4 1 1
4 2 1
4 3 1
4 4 1
4 5 1
5 6 5
6 6 5
7 7 1
7 8 1
7 9 1
7 10 1
7 11 1
8 7 1
8 8 1
8 9 1
8 10 1
8 11 1
9 7 1
9 8 1
9 9 1
9 10 1
9 11 1
10 1 1
10 2 1
10 3 1
10 4 1
10 5 1
11 6 5
12 6 5
13 6 5
14 6 5
15 1 1
15 2 1
15 3 1
15 4 1
15 5 1
16 7 1
16 8 1
16 9 1
16 10 1
16 11 1
17 6 5
18 6 5
19 6 5
20 7 1
20 8 1
20 9 1
20 10 1
20 11 1
21 1 1
21 2 1
21 3 1
21 4 1
21 5 1
22 1 1
22 2 1
22 3 1
22 4 1
22 5 1
23 7 1
23 8 1
23 9 1
23 10 1
23 11 1
24 1 1
24 2 1
24 3 1
24 4 1
24 5 1
25 7 1
25 8 1
25 9 1
25 10 1
25 11 1
26 6 5
27 7 1
27 8 1
27 9 1
27 10 1
27 11 1
28 7 1
28 8 1
28 9 1
28 10 1
28 11 1
29 6 5
30 1 1
30 2 1
30 3 1
30 4 1
30 5 1
31 6 5
32 7 1
32 8 1
32 9 1
32 10 1
32 11 1
33 7 1
33 8 1
33 9 1
33 10 1
33 11 1
34 7 1
34 8 1
34 9 1
34 10 1
34 11 1
35 6 5
36 1 1
36 2 1
36 3 1
36 4 1
36 5 1
37 7 1
37 8 1
37 9 1
37 10 1
37 11 1
38 6 5
39 6 5
40 1 1
40 2 1
40 3 1
40 4 1
40 5 1
41 1 1
41 2 1
41 3 1
41 4 1
41 5 1
42 6 5
43 7 1
43 8 1
43 9 1
43 10 1
43 11 1
44 7 1
44 8 1
44 9 1
44 10 1
44 11 1
45 1 1
45 2 1
45 3 1
45 4 1
45 5 1
46 1 1
46 2 1
46 3 1
46 4 1
46 5 1
47 6 5
48 1 1
48 2 1
48 3 1
48 4 1
48 5 1
49 1 1
49 2 1
49 3 1
49 4 1
49 5 1
50 1 1
50 2 1
50 3 1
50 4 1
50 5 1
51 7 1
51 8 1
51 9 1
51 10 1
51 11 1
52 7 1
52 8 1
52 9 1
52 10 1
52 11 1
53 1 1
53 2 1
53 3 1
53 4 1
53 5 1
54 1 1
54 2 1
54 3 1
54 4 1
54 5 1
55 7 1
55 8 1
55 9 1
55 10 1
55 11 1
56 7 1
56 8 1
56 9 1
56 10 1
56 11 1
57 1 1
57 2 1
57 3 1
57 4 1
57 5 1
58 6 5
59 6 5
60 7 1
60 8 1
60 9 1
60 10 1
60 11 1
