1 1 5
2 2 1
2 3 1
2 4 1
2 5 1
2 6 1
3 7 1
3 8 1
3 9 1
3 10 1
3 11 1
4 1 5
5 1 5
6 7 1
6 8 1
6 9 1
6 10 1
6 11 1
7 2 1
7 3 1
7 4 1
7 5 1
7 6 1
8 2 1
8 3 1
8 4 1
8 5 1
8 6 1
9 2 1
9 3 1
9 4 1
9 5 1
9 6 1
10 7 1
10 8 1
10 9 1
10 10 1
10 11 1
11 1 5
12 2 1
12 3 1
12 4 1
12 5 1
12 6 1
13 7 1
13 8 1
13 9 1
13 10 1
13 11 1
14 7 1
14 8 1
14 9 1
14 10 1
14 11 1
15 2 1
15 3 1
15 4 1
15 5 1
15 6 1
16 2 1
16 3 1
16 4 1
16 5 1
16 6 1
17 2 1
17 3 1
17 4 1
17 5 1
17 6 1
18 7 1
18 8 1
18 9 1
18 10 1
18 11 1
19 2 1
19 3 1
19 4 1
19 5 1
19 6 1
20 7 1
20 8 1
20 9 1
20 10 1
20 11 1
21 2 1
21 3 1
21 4 1
21 5 1
21 6 1
22 1 5
23 7 1
23 8 1
23 9 1
23 10 1
23 11 1
24 7 1
24 8 1
24 9 1
24 10 1
24 11 1
25 2 1
25 3 1
25 4 1
25 5 1
25 6 1
26 1 5
27 1 5
28 7 1
28 8 1
28 9 1
28 10 1
28 11 1
29 2 1
29 3 1
29 4 1
29 5 1
29 6 1
30 2 1
30 3 1
30 4 1
30 5 1
30 6 1
31 7 1
31 8 1
31 9 1
31 10 1
31 11 1
32 2 1
32 3 1
32 4 1
32 5 1
32 6 1
33 2 1
33 3 1
33 4 1
33 5 1
33 6 1
34 1 5
35 1 5
36 1 5
37 1 5
38 7 1
38 8 1
38 9 1
38 10 1
38 11 1
39 1 5
40 1 5
41 7 1
41 8 1
41 9 1
41 10 1
41 11 1
42 7 1
42 8 1
42 9 1
42 10 1
42 11 1
43 1 5
44 7 1
44 8 1
44 9 1
44 10 1
44 11 1
45 1 5
46 2 1
46 3 1
46 4 1
46 5 1
46 6 1
47 7 1
47 8 1
47 9 1
47 10 1
47 11 1
48 7 1
48 8 1
48 9 1
48 10 1
48 11 1
49 2 1
49 3 1
49 4 1
49 5 1
49 6 1
50 1 5
51 2 1
51 3 1
51 4 1
51 5 1
51 6 1
52 7 1
52 8 1
52 9 1
52 10 1
52 11 1
53 7 1
53 8 1
53 9 1
53 10 1
53 11 1
54 1 5
55 2 1
55 3 1
55 4 1
55 5 1
55 6 1
56 1 5
57 2 1
57 3 1
57 4 1
57 5 1
57 6 1
58 7 1
58 8 1
58 9 1
58 10 1
58 11 1
59 1 5
60 1 5
