1 1 5
2 1 5
3 1 5
4 2 1
4 3 1
4 4 1
4 5 1
4 6 1
5 1 5
6 2 1
6 3 1
6 4 1
6 5 1
6 6 1
7 1 5
8 1 5
9 2 1
9 3 1
9 4 1
9 5 1
9 6 1
10 2 1
10 3 1
10 4 1
10 5 1
10 6 1
11 7 1
11 8 1
11 9 1
11 10 1
11 11 1
12 7 1
12 8 1
12 9 1
12 10 1
12 11 1
13 1 5
14 2 1
14 3 1
14 4 1
14 5 1
14 6 1
15 7 1
15 8 1
15 9 1
15 10 1
15 11 1
16 1 5
17 2 1
17 3 1
17 4 1
17 5 1
17 6 1
18 2 1
18 3 1
18 4 1
18 5 1
18 6 1
19 1 5
20 1 5
21 7 1
21 8 1
21 9 1
21 10 1
21 11 1
22 1 5
23 7 1
23 8 1
23 9 1
23 10 1
23 11 1
24 1 5
25 2 1
25 3 1
25 4 1
25 5 1
25 6 1
26 7 1
26 8 1
26 9 1
26 10 1
26 11 1
27 7 1
27 8 1
27 9 1
27 10 1
27 11 1
28 1 5
29 7 1
29 8 1
29 9 1
29 10 1
29 11 1
30 7 1
30 8 1
30 9 1
30 10 1
30 11 1
31 1 5
32 2 1
32 3 1
32 4 1
32 5 1
32 6 1
33 7 1
33 8 1
33 9 1
33 10 1
33 11 1
34 7 1
34 8 1
34 9 1
34 10 1
34 11 1
35 2 1
35 3 1
35 4 1
35 5 1
35 6 1
36 7 1
36 8 1
36 9 1
36 10 1
36 11 1
37 1 5
38 2 1
38 3 1
38 4 1
38 5 1
38 6 1
39 7 1
39 8 1
39 9 1
39 10 1
39 11 1
40 7 1
40 8 1
40 9 1
40 10 1
40 11 1
41 1 5
42 1 5
43 2 1
43 3 1
43 4 1
43 5 1
43 6 1
44 2 1
44 3 1
44 4 1
44 5 1
44 6 1
45 7 1
45 8 1
45 9 1
45 10 1
45 11 1
46 7 1
46 8 1
46 9 1
46 10 1
46 11 1
47 2 1
47 3 1
47 4 1
47 5 1
47 6 1
48 7 1
48 8 1
48 9 1
48 10 1
48 11 1
49 7 1
49 8 1
49 9 1
49 10 1
49 11 1
50 2 1
50 3 1
50 4 1
50 5 1
50 6 1
51 2 1
51 3 1
51 4 1
51 5 1
51 6 1
52 7 1
52 8 1
52 9 1
52 10 1
52 11 1
53 1 5
54 2 1
54 3 1
54 4 1
54 5 1
54 6 1
55 1 5
56 2 1
56 3 1
56 4 1
56 5 1
56 6 1
57 2 1
57 3 1
57 4 1
57 5 1
57 6 1
58 7 1
58 8 1
58 9 1
58 10 1
58 11 1
59 2 1
59 3 1
59 4 1
59 5 1
59 6 1
60 1 5
