1 1 1
1 2 1
1 3 1
1 4 1
1 5 1
2 6 1
2 7 1
2 8 1
2 9 1
2 10 1
3 6 1
3 7 1
3 8 1
3 9 1
3 10 1
4 6 1
4 7 1
4 8 1
4 9 1
4 10 1
5 6 1
5 7 1
5 8 1
5 9 1
5 10 1
6 6 1
6 7 1
6 8 1
6 9 1
6 10 1
7 11 5
8 1 1
8 2 1
8 3 1
8 4 1
8 5 1
9 11 5
10 6 1
10 7 1
10 8 1
10 9 1
10 10 1
11 6 1
11 7 1
11 8 1
11 9 1
11 10 1
12 11 5
13 1 1
13 2 1
13 3 1
13 4 1
13 5 1
14 11 5
15 1 1
15 2 1
15 3 1
15 4 1
15 5 1
16 11 5
17 11 5
18 1 1
18 2 1
18 3 1
18 4 1
18 5 1
19 6 1
19 7 1
19 8 1
19 9 1
19 10 1
20 1 1
20 2 1
20 3 1
20 4 1
20 5 1
21 6 1
21 7 1
21 8 1
21 9 1
21 10 1
22 1 1
22 2 1
22 3 1
22 4 1
22 5 1
23 6 1
23 7 1
23 8 1
23 9 1
23 10 1
24 1 1
24 2 1
24 3 1
24 4 1
24 5 1
25 6 1
25 7 1
25 8 1
25 9 1
25 10 1
26 6 1
26 7 1
26 8 1
26 9 1
26 10 1
27 11 5
28 1 1
28 2 1
28 3 1
28 4 1
28 5 1
29 11 5
30 1 1
30 2 1
30 3 1
30 4 1
30 5 1
31 6 1
31 7 1
31 8 1
31 9 1
31 10 1
32 11 5
33 11 5
34 11 5
35 11 5
36 6 1
36 7 1
36 8 1
36 9 1
36 10 1
37 1 1
37 2 1
37 3 1
37 4 1
37 5 1
38 1 1
38 2 1
38 3 1
38 4 1
38 5 1
39 6 1
39 7 1
39 8 1
39 9 1
39 10 1
40 1 1
40 2 1
40 3 1
40 4 1
40 5 1
41 11 5
42 6 1
42 7 1
42 8 1
42 9 1
42 10 1
43 1 1
43 2 1
43 3 1
43 4 1
43 5 1
44 11 5
45 6 1
45 7 1
45 8 1
45 9 1
45 10 1
46 11 5
47 1 1
47 2 1
47 3 1
47 4 1
47 5 1
48 11 5
49 1 1
49 2 1
49 3 1
49 4 1
49 5 1
50 11 5
51 1 1
51 2 1
51 3 1
51 4 1
51 5 1
52 6 1
52 7 1
52 8 1
52 9 1
52 10 1
53 1 1
53 2 1
53 3 1
53 4 1
53 5 1
54 11 5
55 6 1
55 7 1
55 8 1
55 9 1
55 10 1
56 1 1
56 2 1
56 3 1
56 4 1
56 5 1
57 6 1
57 7 1
57 8 1
57 9 1
57 10 1
58 11 5
59 11 5
60 1 1
60 2 1
60 3 1
60 4 1
60 5 1
