1 1 1
1 2 1
1 3 1
1 4 1
1 5 1
2 6 1
2 7 1
2 8 1
2 9 1
2 10 1
3 11 5
4 1 1
4 2 1
4 3 1
4 4 1
4 5 1
5 1 1
5 2 1
5 3 1
5 4 1
5 5 1
6 6 1
6 7 1
6 8 1
6 9 1
6 10 1
7 1 1
7 2 1
7 3 1
7 4 1
7 5 1
8 11 5
9 1 1
9 2 1
9 3 1
9 4 1
9 5 1
10 6 1
10 7 1
10 8 1
10 9 1
10 10 1
11 11 5
12 11 5
13 1 1
13 2 1
13 3 1
13 4 1
13 5 1
14 11 5
15 1 1
15 2 1
15 3 1
15 4 1
15 5 1
16 1 1
16 2 1
16 3 1
16 4 1
16 5 1
17 11 5
18 11 5
19 6 1
19 7 1
19 8 1
19 9 1
19 10 1
20 6 1
20 7 1
20 8 1
20 9 1
20 10 1
21 6 1
21 7 1
21 8 1
21 9 1
21 10 1
22 6 1
22 7 1
22 8 1
22 9 1
22 10 1
23 6 1
23 7 1
23 8 1
23 9 1
23 10 1
24 11 5
25 11 5
26 1 1
26 2 1
26 3 1
26 4 1
26 5 1
27 1 1
27 2 1
27 3 1
27 4 1
27 5 1
28 6 1
28 7 1
28 8 1
28 9 1
28 10 1
29 11 5
30 11 5
31 6 1
31 7 1
31 8 1
31 9 1
31 10 1
32 1 1
32 2 1
32 3 1
32 4 1
32 5 1
33 1 1
33 2 1
33 3 1
33 4 1
33 5 1
34 1 1
34 2 1
34 3 1
34 4 1
34 5 1
35 6 1
35 7 1
35 8 1
35 9 1
35 10 1
36 11 5
37 6 1
37 7 1
37 8 1
37 9 1
37 10 1
38 6 1
38 7 1
38 8 1
38 9 1
38 10 1
39 1 1
39 2 1
39 3 1
39 4 1
39 5 1
40 6 1
40 7 1
40 8 1
40 9 1
40 10 1
41 6 1
41 7 1
41 8 1
41 9 1
41 10 1
42 1 1
42 2 1
42 3 1
42 4 1
42 5 1
43 6 1
43 7 1
43 8 1
43 9 1
43 10 1
44 11 5
45 11 5
46 6 1
46 7 1
46 8 1
46 9 1
46 10 1
47 1 1
47 2 1
47 3 1
47 4 1
47 5 1
48 1 1
48 2 1
48 3 1
48 4 1
48 5 1
49 1 1
49 2 1
49 3 1
49 4 1
49 5 1
50 11 5
51 6 1
51 7 1
51 8 1
51 9 1
51 10 1
52 6 1
52 7 1
52 8 1
52 9 1
52 10 1
53 11 5
54 11 5
55 1 1
55 2 1
55 3 1
55 4 1
55 5 1
56 11 5
57 1 1
57 2 1
57 3 1
57 4 1
57 5 1
58 11 5
59 6 1
59 7 1
59 8 1
59 9 1
59 10 1
60 11 5
