1 1 1
1 2 1
1 3 1
1 4 1
1 5 1
2 1 1
2 2 1
2 3 1
2 4 1
2 5 1
3 1 1
3 2 1
3 3 1
3 4 1
3 5 1
4 6 1
4 7 1
4 8 1
4 9 1
4 10 1
5 1 1
5 2 1
5 3 1
5 4 1
5 5 1
6 11 5
7 1 1
7 2 1
7 3 1
7 4 1
7 5 1
8 11 5
9 6 1
9 7 1
9 8 1
9 9 1
9 10 1
10 1 1
10 2 1
10 3 1
10 4 1
10 5 1
11 6 1
11 7 1
11 8 1
11 9 1
11 10 1
12 11 5
13 1 1
13 2 1
13 3 1
13 4 1
13 5 1
14 11 5
15 6 1
15 7 1
15 8 1
15 9 1
15 10 1
16 11 5
17 11 5
18 6 1
18 7 1
18 8 1
18 9 1
18 10 1
19 6 1
19 7 1
19 8 1
19 9 1
19 10 1
20 1 1
20 2 1
20 3 1
20 4 1
20 5 1
21 1 1
21 2 1
21 3 1
21 4 1
21 5 1
22 6 1
22 7 1
22 8 1
22 9 1
22 10 1
23 1 1
23 2 1
23 3 1
23 4 1
23 5 1
24 1 1
24 2 1
24 3 1
24 4 1
24 5 1
25 1 1
25 2 1
25 3 1
25 4 1
25 5 1
26 11 5
27 11 5
28 6 1
28 7 1
28 8 1
28 9 1
28 10 1
29 1 1
29 2 1
29 3 1
29 4 1
29 5 1
30 6 1
30 7 1
30 8 1
30 9 1
30 10 1
31 11 5
32 11 5
33 11 5
34 1 1
34 2 1
34 3 1
34 4 1
34 5 1
35 6 1
35 7 1
35 8 1
35 9 1
35 10 1
36 1 1
36 2 1
36 3 1
36 4 1
36 5 1
37 11 5
38 1 1
38 2 1
38 3 1
38 4 1
38 5 1
39 6 1
39 7 1
39 8 1
39 9 1
39 10 1
40 1 1
40 2 1
40 3 1
40 4 1
40 5 1
41 11 5
42 6 1
42 7 1
42 8 1
42 9 1
42 10 1
43 11 5
44 6 1
44 7 1
44 8 1
44 9 1
44 10 1
45 6 1
45 7 1
45 8 1
45 9 1
45 10 1
46 6 1
46 7 1
46 8 1
46 9 1
46 10 1
47 1 1
47 2 1
47 3 1
47 4 1
47 5 1
48 11 5
49 1 1
49 2 1
49 3 1
49 4 1
49 5 1
50 11 5
51 1 1
51 2 1
51 3 1
51 4 1
51 5 1
52 6 1
52 7 1
52 8 1
52 9 1
52 10 1
53 11 5
54 6 1
54 7 1
54 8 1
54 9 1
54 10 1
55 6 1
55 7 1
55 8 1
55 9 1
55 10 1
56 11 5
57 11 5
58 6 1
58 7 1
58 8 1
58 9 1
58 10 1
59 11 5
60 6 1
60 7 1
60 8 1
60 9 1
60 10 1
