1 1 5
2 2 1
2 3 1
2 4 1
2 5 1
2 6 1
3 2 1
3 3 1
3 4 1
3 5 1
3 6 1
4 1 5
5 2 1
5 3 1
5 4 1
5 5 1
5 6 1
6 2 1
6 3 1
6 4 1
6 5 1
6 6 1
7 1 5
8 7 1
8 8 1
8 9 1
8 10 1
8 11 1
9 2 1
9 3 1
9 4 1
9 5 1
9 6 1
10 7 1
10 8 1
10 9 1
10 10 1
10 11 1
11 7 1
11 8 1
11 9 1
11 10 1
11 11 1
12 1 5
13 2 1
13 3 1
13 4 1
13 5 1
13 6 1
14 7 1
14 8 1
14 9 1
14 10 1
14 11 1
15 2 1
15 3 1
15 4 1
15 5 1
15 6 1
16 2 1
16 3 1
16 4 1
16 5 1
16 6 1
17 7 1
17 8 1
17 9 1
17 10 1
17 11 1
18 1 5
19 7 1
19 8 1
19 9 1
19 10 1
19 11 1
20 1 5
21 1 5
22 2 1
22 3 1
22 4 1
22 5 1
22 6 1
23 7 1
23 8 1
23 9 1
23 10 1
23 11 1
24 7 1
24 8 1
24 9 1
24 10 1
24 11 1
25 1 5
26 1 5
27 1 5
28 2 1
28 3 1
28 4 1
28 5 1
28 6 1
29 2 1
29 3 1
29 4 1
29 5 1
29 6 1
30 7 1
30 8 1
30 9 1
30 10 1
30 11 1
31 2 1
31 3 1
31 4 1
31 5 1
31 6 1
32 2 1
32 3 1
32 4 1
32 5 1
32 6 1
33 7 1
33 8 1
33 9 1
33 10 1
33 11 1
34 1 5
35 1 5
36 1 5
37 7 1
37 8 1
37 9 1
37 10 1
37 11 1
38 7 1
38 8 1
38 9 1
38 10 1
38 11 1
39 7 1
39 8 1
39 9 1
39 10 1
39 11 1
40 7 1
40 8 1
40 9 1
40 10 1
40 11 1
41 2 1
41 3 1
41 4 1
41 5 1
41 6 1
42 1 5
43 2 1
43 3 1
43 4 1
43 5 1
43 6 1
44 2 1
44 3 1
44 4 1
44 5 1
44 6 1
45 7 1
45 8 1
45 9 1
45 10 1
45 11 1
46 1 5
47 1 5
48 2 1
48 3 1
48 4 1
48 5 1
48 6 1
49 1 5
50 7 1
50 8 1
50 9 1
50 10 1
50 11 1
51 2 1
51 3 1
51 4 1
51 5 1
51 6 1
52 1 5
53 7 1
53 8 1
53 9 1
53 10 1
53 11 1
54 2 1
54 3 1
54 4 1
54 5 1
54 6 1
55 7 1
55 8 1
55 9 1
55 10 1
55 11 1
56 7 1
56 8 1
56 9 1
56 10 1
56 11 1
57 1 5
58 2 1
58 3 1
58 4 1
58 5 1
58 6 1
59 1 5
60 7 1
60 8 1
60 9 1
60 10 1
60 11 1
