1 1 1
1 2 1
1 3 1
1 4 1
1 5 1
2 6 1
2 7 1
2 8 1
2 9 1
2 10 1
3 11 5
4 11 5
5 1 1
5 2 1
5 3 1
5 4 1
5 5 1
6 11 5
7 6 1
7 7 1
7 8 1
7 9 1
7 10 1
8 6 1
8 7 1
8 8 1
8 9 1
8 10 1
9 6 1
9 7 1
9 8 1
9 9 1
9 10 1
10 11 5
11 6 1
11 7 1
11 8 1
11 9 1
11 10 1
12 11 5
13 11 5
14 1 1
14 2 1
14 3 1
14 4 1
14 5 1
15 11 5
16 1 1
16 2 1
16 3 1
16 4 1
16 5 1
17 1 1
17 2 1
17 3 1
17 4 1
17 5 1
18 1 1
18 2 1
18 3 1
18 4 1
18 5 1
19 6 1
19 7 1
19 8 1
19 9 1
19 10 1
20 11 5
21 1 1
21 2 1
21 3 1
21 4 1
21 5 1
22 1 1
22 2 1
22 3 1
22 4 1
22 5 1
23 11 5
24 11 5
25 1 1
25 2 1
25 3 1
25 4 1
25 5 1
26 6 1
26 7 1
26 8 1
26 9 1
26 10 1
27 6 1
27 7 1
27 8 1
27 9 1
27 10 1
28 6 1
28 7 1
28 8 1
28 9 1
28 10 1
29 1 1
29 2 1
29 3 1
29 4 1
29 5 1
30 6 1
30 7 1
30 8 1
30 9 1
30 10 1
31 6 1
31 7 1
31 8 1
31 9 1
31 10 1
32 1 1
32 2 1
32 3 1
32 4 1
32 5 1
33 11 5
34 11 5
35 11 5
36 1 1
36 2 1
36 3 1
36 4 1
36 5 1
37 11 5
38 6 1
38 7 1
38 8 1
38 9 1
38 10 1
39 1 1
39 2 1
39 3 1
39 4 1
39 5 1
40 11 5
41 1 1
41 2 1
41 3 1
41 4 1
41 5 1
42 6 1
42 7 1
42 8 1
42 9 1
42 10 1
43 6 1
43 7 1
43 8 1
43 9 1
43 10 1
44 1 1
44 2 1
44 3 1
44 4 1
44 5 1
45 1 1
45 2 1
45 3 1
45 4 1
45 5 1
46 6 1
46 7 1
46 8 1
46 9 1
46 10 1
47 11 5
48 6 1
48 7 1
48 8 1
48 9 1
48 10 1
49 6 1
49 7 1
49 8 1
49 9 1
49 10 1
50 11 5
51 11 5
52 6 1
52 7 1
52 8 1
52 9 1
52 10 1
53 11 5
54 6 1
54 7 1
54 8 1
54 9 1
54 10 1
55 1 1
55 2 1
55 3 1
55 4 1
55 5 1
56 6 1
56 7 1
56 8 1
56 9 1
56 10 1
57 1 1
57 2 1
57 3 1
57 4 1
57 5 1
58 11 5
59 1 1
59 2 1
59 3 1
59 4 1
59 5 1
60 1 1
60 2 1
60 3 1
60 4 1
60 5 1
