1 1 1
1 2 1
1 3 1
1 4 1
1 5 1
2 1 1
2 2 1
2 3 1
2 4 1
2 5 1
3 6 5
4 6 5
5 1 1
5 2 1
5 3 1
5 4 1
5 5 1
6 7 1
6 8 1
6 9 1
6 10 1
6 11 1
7 7 1
7 8 1
7 9 1
7 10 1
7 11 1
8 6 5
9 7 1
9 8 1
9 9 1
9 10 1
9 11 1
10 6 5
11 6 5
12 6 5
13 7 1
13 8 1
13 9 1
13 10 1
13 11 1
14 6 5
15 7 1
15 8 1
15 9 1
15 10 1
15 11 1
16 6 5
17 1 1
17 2 1
17 3 1
17 4 1
17 5 1
18 1 1
18 2 1
18 3 1
18 4 1
18 5 1
19 7 1
19 8 1
19 9 1
19 10 1
19 11 1
20 1 1
20 2 1
20 3 1
20 4 1
20 5 1
21 6 5
22 1 1
22 2 1
22 3 1
22 4 1
22 5 1
23 1 1
23 2 1
23 3 1
23 4 1
23 5 1
24 7 1
24 8 1
24 9 1
24 10 1
24 11 1
25 7 1
25 8 1
25 9 1
25 10 1
25 11 1
26 6 5
27 1 1
27 2 1
27 3 1
27 4 1
27 5 1
28 1 1
28 2 1
28 3 1
28 4 1
28 5 1
29 7 1
29 8 1
29 9 1
29 10 1
29 11 1
30 7 1
30 8 1
30 9 1
30 10 1
30 11 1
31 1 1
31 2 1
31 3 1
31 4 1
31 5 1
32 7 1
32 8 1
32 9 1
32 10 1
32 11 1
33 6 5
34 7 1
34 8 1
34 9 1
34 10 1
34 11 1
35 6 5
36 1 1
36 2 1
36 3 1
36 4 1
36 5 1
37 1 1
37 2 1
37 3 1
37 4 1
37 5 1
38 6 5
39 6 5
40 6 5
41 6 5
42 7 1
42 8 1
42 9 1
42 10 1
42 11 1
43 1 1
43 2 1
43 3 1
43 4 1
43 5 1
44 7 1
44 8 1
44 9 1
44 10 1
44 11 1
45 7 1
45 8 1
45 9 1
45 10 1
45 11 1
46 1 1
46 2 1
46 3 1
46 4 1
46 5 1
47 7 1
47 8 1
47 9 1
47 10 1
47 11 1
48 1 1
48 2 1
48 3 1
48 4 1
48 5 1
49 7 1
49 8 1
49 9 1
49 10 1
49 11 1
50 7 1
50 8 1
50 9 1
50 10 1
50 11 1
51 7 1
51 8 1
51 9 1
51 10 1
51 11 1
52 6 5
53 1 1
53 2 1
53 3 1
53 4 1
53 5 1
54 1 1
54 2 1
54 3 1
54 4 1
54 5 1
55 6 5
56 1 1
56 2 1
56 3 1
56 4 1
56 5 1
57 1 1
57 2 1
57 3 1
57 4 1
57 5 1
58 6 5
59 7 1
59 8 1
59 9 1
59 10 1
59 11 1
60 6 5
