1 1 5
2 2 1
2 3 1
2 4 1
2 5 1
2 6 1
3 7 1
3 8 1
3 9 1
3 10 1
3 11 1
4 7 1
4 8 1
4 9 1
4 10 1
4 11 1
5 7 1
5 8 1
5 9 1
5 10 1
5 11 1
6 1 5
7 2 1
7 3 1
7 4 1
7 5 1
7 6 1
8 1 5
9 2 1
9 3 1
9 4 1
9 5 1
9 6 1
10 7 1
10 8 1
10 9 1
10 10 1
10 11 1
11 7 1
11 8 1
11 9 1
11 10 1
11 11 1
12 7 1
12 8 1
12 9 1
12 10 1
12 11 1
13 7 1
13 8 1
13 9 1
13 10 1
13 11 1
14 1 5
15 1 5
16 1 5
17 1 5
18 2 1
18 3 1
18 4 1
18 5 1
18 6 1
19 1 5
20 2 1
20 3 1
20 4 1
20 5 1
20 6 1
21 2 1
21 3 1
21 4 1
21 5 1
21 6 1
22 2 1
22 3 1
22 4 1
22 5 1
22 6 1
23 1 5
24 1 5
25 1 5
26 1 5
27 7 1
27 8 1
27 9 1
27 10 1
27 11 1
28 2 1
28 3 1
28 4 1
28 5 1
28 6 1
29 2 1
29 3 1
29 4 1
29 5 1
29 6 1
30 2 1
30 3 1
30 4 1
30 5 1
30 6 1
31 2 1
31 3 1
31 4 1
31 5 1
31 6 1
32 7 1
32 8 1
32 9 1
32 10 1
32 11 1
33 2 1
33 3 1
33 4 1
33 5 1
33 6 1
34 1 5
35 7 1
35 8 1
35 9 1
35 10 1
35 11 1
36 2 1
36 3 1
36 4 1
36 5 1
36 6 1
37 1 5
38 1 5
39 1 5
40 7 1
40 8 1
40 9 1
40 10 1
40 11 1
41 7 1
41 8 1
41 9 1
41 10 1
41 11 1
42 2 1
42 3 1
42 4 1
42 5 1
42 6 1
43 7 1
43 8 1
43 9 1
43 10 1
43 11 1
44 2 1
44 3 1
44 4 1
44 5 1
44 6 1
45 2 1
45 3 1
45 4 1
45 5 1
45 6 1
46 7 1
46 8 1
46 9 1
46 10 1
46 11 1
47 1 5
48 7 1
48 8 1
48 9 1
48 10 1
48 11 1
49 7 1
49 8 1
49 9 1
49 10 1
49 11 1
50 7 1
50 8 1
50 9 1
50 10 1
50 11 1
51 7 1
51 8 1
51 9 1
51 10 1
51 11 1
52 1 5
53 1 5
54 2 1
54 3 1
54 4 1
54 5 1
54 6 1
55 2 1
55 3 1
55 4 1
55 5 1
55 6 1
56 2 1
56 3 1
56 4 1
56 5 1
56 6 1
57 1 5
58 2 1
58 3 1
58 4 1
58 5 1
58 6 1
59 7 1
59 8 1
59 9 1
59 10 1
59 11 1
60 7 1
60 8 1
60 9 1
60 10 1
60 11 1
