1 1 1
1 2 1
1 3 1
1 4 1
1 5 1
2 6 5
3 6 5
4 1 1
4 2 1
4 3 1
4 4 1
4 5 1
5 6 5
6 7 1
6 8 1
6 9 1
6 10 1
6 11 1
7 7 1
7 8 1
7 9 1
7 10 1
7 11 1
8 1 1
8 2 1
8 3 1
8 4 1
8 5 1
9 7 1
9 8 1
9 9 1
9 10 1
9 11 1
10 1 1
10 2 1
10 3 1
10 4 1
10 5 1
11 1 1
11 2 1
11 3 1
11 4 1
11 5 1
12 1 1
12 2 1
12 3 1
12 4 1
12 5 1
13 7 1
13 8 1
13 9 1
13 10 1
13 11 1
14 7 1
14 8 1
14 9 1
14 10 1
14 11 1
15 6 5
16 6 5
17 1 1
17 2 1
17 3 1
17 4 1
17 5 1
18 6 5
19 6 5
20 6 5
21 7 1
21 8 1
21 9 1
21 10 1
21 11 1
22 7 1
22 8 1
22 9 1
22 10 1
22 11 1
23 6 5
24 7 1
24 8 1
24 9 1
24 10 1
24 11 1
25 1 1
25 2 1
25 3 1
25 4 1
25 5 1
26 1 1
26 2 1
26 3 1
26 4 1
26 5 1
27 1 1
27 2 1
27 3 1
27 4 1
27 5 1
28 7 1
28 8 1
28 9 1
28 10 1
28 11 1
29 7 1
29 8 1
29 9 1
29 10 1
29 11 1
30 7 1
30 8 1
30 9 1
30 10 1
30 11 1
31 6 5
32 6 5
33 1 1
33 2 1
33 3 1
33 4 1
33 5 1
34 6 5
35 7 1
35 8 1
35 9 1
35 10 1
35 11 1
36 7 1
36 8 1
36 9 1
36 10 1
36 11 1
37 7 1
37 8 1
37 9 1
37 10 1
37 11 1
38 6 5
39 6 5
40 7 1
40 8 1
40 9 1
40 10 1
40 11 1
41 1 1
41 2 1
41 3 1
41 4 1
41 5 1
42 6 5
43 7 1
43 8 1
43 9 1
43 10 1
43 11 1
44 7 1
44 8 1
44 9 1
44 10 1
44 11 1
45 6 5
46 1 1
46 2 1
46 3 1
46 4 1
46 5 1
47 1 1
47 2 1
47 3 1
47 4 1
47 5 1
48 6 5
49 6 5
50 6 5
51 1 1
51 2 1
51 3 1
51 4 1
51 5 1
52 1 1
52 2 1
52 3 1
52 4 1
52 5 1
53 1 1
53 2 1
53 3 1
53 4 1
53 5 1
54 7 1
54 8 1
54 9 1
54 10 1
54 11 1
55 1 1
55 2 1
55 3 1
55 4 1
55 5 1
56 7 1
56 8 1
56 9 1
56 10 1
56 11 1
57 1 1
57 2 1
57 3 1
57 4 1
57 5 1
58 1 1
58 2 1
58 3 1
58 4 1
58 5 1
59 6 5
60 7 1
60 8 1
60 9 1
60 10 1
60 11 1
